01000000000010001011011000101110101010100000110111001111010010000100001100110010111000111001010101110010000001111101110011011001
00111111111100011010001101101110001011101011000111000100001100101100101001010111101001111000011011000010001001101000000010011101
10111111111100110000011000100100110111010010111100011010100111111011111001110110110010001011010000111001010110000001000001100010
12323423429.25
-0.000000000000009999999999999999999999999999999999865508651917263353399668555774326552838997055811795632036486902377635070660044647183894994668662548065185546875
01000000001110101011011010011011010010111110100101101110001011101110001010100000101000111101011100001010001111010111000010100100
01000000000110011101011011110011010001010100000000000000000000000000000000000000010001100101111001100110000001001011011110101000
25.000005464564564564231231231230000422588469820093885821897506426870518014826672015260555781424045562744140625
-5534534534535533455.0000054645645644058049583691172301769256591796875
00000000000000000000000000000000000000000000000000000000000000000000000000000000000000000000000000000000000000000000000000000000
