1111110001100001110
-68887997329979738809345
1A2B3C4D5F2BAD235741ECF1
1001000100101100001110011100110011111000
-900010000
BCDBCC3F9DC41F663
10010110001101001010110110110100
121908186932863961124287214520
DDE21A114CFD73E13F3
1010110001100010110011
-181619710690178004
A4D65244
438207
111101000001000000000000000101000111011001010010010000000000111
154DCFD82EE2D79669D3
17166728820080805
101010111101010001000101000101010101000101001010000101000000111110100101010000000000
151220597557930
281551413349310098745792659387
101111111111100011110100111110000000100011
11111111111111111111111111111111111111111111111111111111111111111111111111111111111111111111111010110101011101000000010101011011
ABCDEF123456
524895666466664098413303
